555555555555555555555555555555555555555555555555555555555555555555555555555555555555555555555555555555555555555555555555555555555555555555555555
555555555555555555555555555555555555555555555555555555555555555555555555555555555555555555555555555555555555555555555555555555555555555555555555
555555555555555555555555555555555555555555555555555555555555555555555555555555555555555555555555555555555555555555555555555555555555555555555555
5555555555555555555555555555555555555555555555555555555555    5555555555555555555555555555555555555555555555555555555555555555555555555555555555
5555555555555555555555555555555555555          5                    5555555555555555555555555555555555555555555555555555555555555555555555555555
55555555555555555555555555555555555   5    5555                  555555555555   5  555555555555555555555555555   5555555555555555555555555555555
5555555555555555555555555 5555555555555   555                    55555555555555 5555555555555555555555555555555555 55555555555555555555555555555
55555555555555555555555555    5555 5 5   555555555               5555555555555555555555555555555  55555555555         5555555555   5555555555555
55555555555555555555555   555555  5 5 5   55555555              555555555555555555555555555555  555555555               55 555555 55555555555555
5 555555555555555555555 55     55   5       55555555            555555555555555555555555555555 55555                        555 5    55555555555
 5555555         55   55 5      5 5 555 55    55555            55555555555555555      55555555555 55                                     5  5   
   5555                           5     55 5   5555        55555555555555555555          5 5                                                    
11  11                                 5555   5 5555     5555555   55555555555    5                                                             
11111111                            55 55555   55555    555555555555555555555   55                                                              
111111                             5555555  5555555555  5555555555555555555    555                                                     11    111
11111111   111111                 55555555   5 5555555555555555555555555555     555                                                 1 111 111111
111111111111111111                 5555555      5555555555555555555555  555555  55                                              11111111 1111111
11111111111111111111                  555       5555555555555555555555  555555555                                              11111111  1111111
11111111111111111111                   55         555555555555555555  5 555                                                      111111 11111111
111111111111111111111                   5         55555555555555555555  55                                                      1111111111111111
1111111111111111111111                       6 66 666666666666666666666                                                         1 11111111111111
11111111111111111111111                       6666 66666666666666666666                                                         1111111111111111
11111111111111111111111                         666666666666666666666666                                                       11111111111111111
11111111111111111111111                     6666666666666666666666666666                                                      111 11111111111111
11111111111111111111111                     6666666666666666666666666                                                       11111111111111111111
11111111111111111111111                   666666666666666666666666666                                                   11  11111111111111111111
111111111111111111111111                  666666666666666666666666666                                                   111 1111 111111111111111
1111111111111111111111111                 6666666666666666666666666666                                                  111 111 1111111111111111
11111111111111111111111111              666666666666666666666666666666                                                  11111 111111111111111111
11111111111111111111111111              66666666666666666666666666666                                                   111111111111111111111111
111111111111111111111111111       66666 66666666666666666666666666666                                                    11111111111111111111111
1111111111111111111111111111     6666666666666666666666666666666666                                                     111111111111111111111111
11111111111111111111111111111    6666666666666666666666666666666666                                                     111111111111111111111111
111111111111111111111111111111   666666666666666666666666666666666                             5555                    1111111111111111111111111
111111111111111111111111111111   666666666666666666666666666666666                              5555       55      11111111111111111111111111111
1111111111111111111111111111111   66 66666666666666666666666666666                             555555     5555    111111111111111111111111111111
11111111111111111111111111111111     66666666666666666666666666666                            55555555   55555     11111 11111111111111111111111
11111111111111111111111111111111111  66666666666666666666666666666                           555555555  5555555    11111 11111111111111111111111
2222222233333333333333333333333333333  777777777777777777777777777                         55555555555  55555555    22222 2222222222222222222222
22222222333333333333333333333333333333 777777777777777777777777777                        555555555555  555555552   2222222222222222222222222222
222222223333333333333333333333333333333777      7777777777777777777                         55555555555 55555555222222222 2222222222222222222222
22222222333333333333333333333333333333333       7777777777777777777                         555555555555 555555522222222222222222222222222222222
22222222333333333333333333333333333333333         777777777777777777    777                 5555555555555555555552222222222222222222222222222222
22222222333333333333333333333333333333333           777777777777777777777777               55555555555555555555  22222 2222222222222222222222222
22222222333333333333333333333333333333333           777777777777777777777777              5555555555555555555555  222  2222222222222222222222222
22222222333333333333333333333333333333333           777777777777777777777777             55555555555555555555555  22   2222222222222222222222222
2222222233333333333333333333333333333333               777777777777777777777            555555555555555555555555   2   2 2222 2 2222222222222222
2222222233333333333333333333333333333333                 77777777777777777777           5555555555555555555555555 555555555555    22222222222222
2222222233333333333333333333333333333333                  7777777777777777777           55555555555555555555555555  555555555555   2222222222222
22222222333333333333333333333333333333333                 77777777777777777777          55555555555555555555555555555  555555555  22222222222222
22222222333333333333333333333333333333333                777777777777777777777          55555555555555555555555555555555555555555222222222222222
222222223333333333333333333333333333333333               777777777777777777777          5555555555555555555555555555555555555 555222222222222222
222222223333333333333333333333333333333333              7777777777777777777777          555 55555555555555555555555555555555  555 22222222222222
4444444444444444444444444444444444444444444             888888888888888888888           666 666666666666666666666666666666     55 44444444444444
44444444444444444444444444444444444444444444            888888888888888888888          666  66666666666666666666666666666         44444444444444
44444444444444444444444444444444444444444444            8888888888888888888888        6666  6666666666666666666666666666           4444444444444
44444444444444444444444444444444444444444444            8888888888888888888888        6666 6666666666666666666666666666             444444444444
44444444444444444444444444444444444444444444         8888888888888888888888888        6666 666666666666666666666666666               44444444444
44444444444444444444444444444444444444444444         88888888888888888888888888      666666666666666666666666666666666               44444444444
44444444444444444444444444444444444444444444         88888888888888888888888888      666666666666666666666666666666666                4444444444
44444444444444444444444444444444444444444444        8888888888888888888888888888    66666666666666666666666666666666666              44444444444
44444444444444444444444444444444444444444444       88888888888888888888888888888    66666666666666666666666666666666666   6666       44444444444
44444444444444444444444444444444444444444444      888888888888888888888888888888666666666666666666666666666666666666666 6666666     444444444444
44444444444444444444444444444444444444444444      888888888888888888888888888888666666666666666666666666666666666666666666666666    444444444444
4444444444444444444444444444444444444444444      88888888888888888888888888888886666666666666666666666666666666666666666666666666  44444444444 4
4444444444444444444444444444444444444444444    88888888888888888888888888888888866666666666666666666666666666666666666666666666666644444444444 4
4444444444444444444444444444444444444444444   88888888888888888888888888888888886666666666666666666666666666666666666666666666666664444444444444
4444444444444444444444444444444444444444444   88888888888888888888888888888888886666666666666666666666666666666666666666666666666664444444444444
9999999999999999999999999999999999999999999  999999999999999999999999999999999999999999999999999999999999999999999999999999999999999999999999999
9999999999999999999999999999999999999999999   99999999999999999999999999999999999999999999999999999999999999999999999999999999999999999999999999
9999999999999999999999999999999999999999999  999999999999999999999999999999999999999999999999999999999999999999999999999999999999999999999999999
9999999999999999999999999999999999999999999  999999999999999999999999999999999999999999999999999999999999999999999999999999999999999999999999999
99999999999999999999999999999999999999999999 999999999999999999999999999999999999999999999999999999999999999999999999999999999999999999999999999
999999999999999999999999999999999999999999999999999999999999999999999999999999999999999999999999999999999999999999999999999999999999999999999999
999999999999999999999999999999999999999999999999999999999999999999999999999999999999999999999999999999999999999999999999999999999999999999999999
999999999999999999999999999999999999999999999999999999999999999999999999999999999999999999999999999999999999999999999999999999999999999999999999
999999999999999999999999999999999999999999999999999999999999999999999999999999999999999999999999999999999999999999999999999999999999999999999999
999999999999999999999999999999999999999999999999999999999999999999999999999999999999999999999999999999999999999999999999999999999999999999999999
999999999999999999999999999999999999999999999999999999999999999999999999999999999999999999999999999999999999999999999999999999999999999999999999
9999999999999999999999999999999999999999999999 99999999999999999999999999999999999999999999    999999999                            999999999999
999999999999999999999999999999999999999999999   9999999999999999999999999999999999999999                                                99999999
999999999999999999999999999999999999999999999   99999999999999999999                                                                        9999
99999999999999999999999999999999                99999999999999999                                                                         999999
999999999999999999999                            99999999999999                                                                          9999999
9999999999999                                      999999999                                                                                    
                                                                                                                                                
                                                                                                                                                
                                                                                                                                                
                                                                                                                                                
                                                                                                                                                
                                                                                                                                                
