                                                                                                                                               
                                                                                                                                                
                                                                                                                                                
                                                                                                                                                
                                                                                                                                                
                                  11                                                                                                            
                           1         111                                                                         111                            
                          1111  1 1 11                                                         11111       11111111111         111 11           
                       111      1 11 1                                                        11    1   1111111111111111 111    11              
1       2222          111111111 111111111111                                     222         11    1111111111111111111111111111111111111        
1     2222222222222211111111111111111 11111111                                2222222222    1111111111111111111111111111111111111111111111111111
1111  2222222222222222221111111111111111 1111111                             222222222222 111111111111155555111111111111111115555555555555511111
111112222222222222222222222211111111111  1111111               2222          2222222222222222222222222225555555555555555555555555555555551111111
1  11 2222222222222222222222221111111 11    111                2222        222222222222222222222222222225555555555555555555555555555555111111111
      22222222222222222222222222211     1111                              222222222222222222222222222222225555555555555555555555555555111111111 
     222222222222222222222222222221      1111 1                           2222222222266666662222222222222222555555555555555555555555555 111     
         222     22222222222222222222    1111111                     666  2266666666666666666662222222222222222222225555555555555      111      
      222         2222222244222222222222222222111                    666   66666666666666666666622222222222222222225555555555555      1111      
     22            2222222444222222222222222222222                  66666 66666666666666666666662222222222222222222222555555555555    111       
                     222224444442222222222222222222                 66666666666666666666666444444422244444222224422222225555555555     1        
                     222224334444422222222222222222                    666666666666666666664444444444444444444444444444455355555555             
                      333333334444555555555555552222                  666666666666666666666444444444444444444444444444445333335555              
                      333333333444455555555555555                      666666666666666666666444444444444444444444444444433355555 9 55           
                      33333333344444555445555 5                     66666666666666666666666644444444444444444488888883333335555 999             
                      33333333344444444445555                       666666666666666666666666444444444444444888888888833333333   99              
                      333333333444444444555                         666666666666666666666666644444444444888888888888833333333   99              
                       33333333444444455555                         666668888666666666666666644444444488888888883388333333333  99               
                       3333333344455455555                            888888886666666666222662222444444888888833333333333  339999               
                        333333344455555555                           8888888888888888222222222222222445588888333333333333   999                 
                         3333333355555555                           888888888888888882222222222222224555588883333333333333  9                   
                          33333335555555                           8888888888888888882222222222222225555558833333333333333                      
                          333333355    55                        88888888888888888888822222222222225555555553333333333333                       
                           3333333     556                        8888888888888888888882222222222225555555553333333333333                       
                            333333       6                       8888888888888888888888222222222   55555555533333333333333                    
                             33333  666666 6                     88888888888888888888888222222222   5555555577777777777 3                       
                              3333  66   6666                    8888888888888888888888822222222    5555555  77777777                           
                               3336666   666666                  888888888888888888888888222222      555555   7777777   77                      
                                 3666666                         88888888888888888888888822222       55555    777777    77                      
                                   66666                         3333333333333333333333332222         555      777777   77                      
                                     66    66                    3333333333333333333333333333         555       77777   777                     
                                      6666666666                  333333333333333333333333333         555      77 77   7 77                     
                                       6666666666                  33333333333333333333333333          555     77      7 77                     
                                         66677777777                333333333333333333333333            55    7777    77 77                     
                                         66777777777                3333  337777777733333333                  7777   777                        
                                        7777777777777                       777777777733333                    777  77777 77                    
                                        77777777777777                      77777777777333                     777  7777777777                  
                                        7777777777777799                    7777777744444                      77777777777 777777              
                                        877777777777779999                  7777777444444                        777777 77 77777777  7          
                                        8777777777777999999                  444774444444                         7777  77     77777777         
                                        8877777777777999999                  444444444444                          777777777   77777   7        
                                         877777777777999999                  444444444444                             77777      6 77   7       
                                         88877777777999999                   444444444444   4                               666  6              
                                         88887777779999999                   444444444444  44                             66666  66             
                                          888877779999999                    444444444444 444                            6666666 66             
                                           88899999999999                    444444444444 444                            6666666666             
                                            8899999999999                    4444444444   44                           8888888886666            
                                            8899999999999                    9999444444  444                          888888888888666           
                                            889999999999                      999944444  444                         88888888888888666          
                                            8899999999                        999944444  444                         88888888888888666          
                                            889999999                         99994444                                6888888888888666          
                                            889999999                          9999444                                6668888888886666          
                                           8889999999                          999944                                 6666888866666666          
                                           888999999                           99999                                  66668   66666666          
                                           8889999                              99                                    666     6666666        22 
                                           8889999                                                                              66666         22
                                           888899                                                                                666         222
                                          888889                                                                                  66        222 
                                          88888                                                                                   66       222  
                                          88888                                                                                           222   
                                          88888                                                                                            22   
                                          8888                                                                                                  
                                          888   88                                                                                              
                                          8888                                                                                                  
                                           8888                                                                                                 
                                                                                                                                                
                                                                                                                                                
                                                                                                                                                
                                                                                                                                                
                                                                                                                                                
                                                                                                                                                
                                                                                                                                                
                                                                                                                                                
                                                                                                                                                
                                                                                                                                                
                                                                                                                                                
                                                                                                                                                
                                                                                                                                                
                                                                                                                                                
                                                                                                                                                
                                                                                                                                                
                                                                                                                                                
      
                                                                                 
